  0.30000000000000016        77994.683942366391     
  0.31000000000000011        88697.781014608219     
  0.32000000000000006        99094.122063707560     
  0.33000000000000002        108902.03545884043     
  0.34000000000000019        117862.27845490258     
  0.35000000000000009        125749.14914671332     
  0.36000000000000021        132378.88245773595     
  0.37000000000000005        137615.10257353354     
  0.38000000000000012        141371.34325269982     
  0.39000000000000018        143610.84469592106     
  0.40000000000000019        144343.98309984244     
  0.41000000000000014        143623.78482137341     
  0.42000000000000015        141540.02421060484     
  0.42999999999999983        138212.40898100752     
  0.44000000000000022        133783.32779044006     
  0.44999999999999990        128410.58059971500     
  0.46000000000000002        122260.44227784313     
  0.46999999999999986        115501.33190618455     
  0.47999999999999993        108298.28109343443     
  0.48999999999999999        100808.31966372672     
  0.50000000000000000        93176.830123563297     
  0.51000000000000001        85534.865736012347     
  0.52000000000000002        77997.381984405220     
  0.52999999999999992        70662.297835936304     
  0.54000000000000004        63610.280893277843     
  0.54999999999999982        56905.138090913650     
  0.56000000000000005        50594.689566563815     
  0.57000000000000017        44712.006083901972     
  0.58000000000000018        39276.898257496301     
  0.59000000000000030        34297.557287230622     
  0.60000000000000031        29772.260565293953     
  0.61000000000000021        25691.070198092144     
  0.62000000000000022        22037.467236360535     
  0.63000000000000023        18789.878499680664     
  0.64000000000000012        15923.065795115428     
  0.65000000000000002        13409.358727396000     
  0.65999999999999981        11219.722000433365     
  0.67000000000000026        9324.6560648495797     
  0.67999999999999994        7694.9362194198184     
  0.69000000000000028        6302.1999426018447     
  0.69999999999999996        5119.3954778255429     
  0.71000000000000030        4121.1067134077894     
  0.71999999999999997        3283.7703865354415     
  0.72999999999999976        2585.8017999120057     
  0.73999999999999977        2007.6447574532358     
  0.75000000000000000        1531.7604727126891     
  0.75999999999999968        1142.5689298423822     
  0.76999999999999980        826.35470883490052     
  0.77999999999999969        571.14772841020022     
  0.78999999999999992        366.58779342562775     
  0.80000000000000004        203.78032125058235     
  0.80999999999999994        75.149207836744608     
  0.82000000000000006       -25.708491410885472     
  0.82999999999999996       -104.16253134029103     
  0.83999999999999997       -164.68155126526835     
  0.85000000000000009       -210.95554500499566     
  0.86000000000000010       -246.00771099668054     
  0.87000000000000000       -272.29522568744142     
  0.88000000000000023       -291.79892157950962     
  0.88999999999999979       -306.10218303601869     
  0.90000000000000024       -316.45961310457642     
  0.90999999999999981       -323.85618767442793     
  0.92000000000000026       -329.05771293910220     
  0.93000000000000005       -332.65345094834993     
  0.94000000000000017       -335.09178719603733     
  0.94999999999999996       -336.70979349022673     
  0.96000000000000008       -337.75749712170727     
  0.97000000000000008       -338.41761054348171     
  0.98000000000000020       -338.82141008043982     
  0.98999999999999988       -339.06138209994970     
   1.0000000000000002       -339.20118409480528     
   1.0099999999999998       -339.28339884189154     
   1.0199999999999998       -339.33549407323608     
   1.0300000000000000       -339.37433915306337     
   1.0400000000000000       -339.40957484400315     
   1.0500000000000000       -339.44608271178549     
   1.0599999999999998       -339.48575710655314     
   1.0700000000000001       -339.52874480508399     
   1.0799999999999998       -339.57428497212322     
   1.0900000000000001       -339.62125467766009     
   1.1000000000000001       -339.66850230796626     
   1.1100000000000001       -339.71503232396458     
   1.1199999999999999       -339.76008944699993     
   1.1300000000000001       -339.80317800092939     
   1.1399999999999997       -339.84404235724298     
   1.1500000000000001       -339.88262679849174     
   1.1599999999999999       -339.91902726342857     
   1.1700000000000002       -339.95344303462730     
   1.1800000000000002       -339.98613319286159     
   1.1899999999999999       -340.01738034751264     
   1.2000000000000000       -340.04746255550657     
   1.2100000000000002       -340.07663329276954     
   1.2200000000000002       -340.10510870299390     
   1.2300000000000004       -340.13306100810746     
   1.2400000000000000       -340.16061683401733     
   1.2500000000000002       -340.18785921629433     
   1.2600000000000000       -340.21483215041013     
   1.2700000000000000       -340.24154670180042     
   1.2800000000000000       -340.26798786373962     
   1.2900000000000000       -340.29412152683710     
   1.3000000000000000       -340.31990108950168     
   1.3099999999999998       -340.34527338673990     
   1.3200000000000001       -340.37018374069635     
   1.3300000000000003       -340.39458003936085     
   1.3400000000000001       -340.41841583031618     
   1.3500000000000001       -340.44165247600495     
   1.3600000000000001       -340.46426045825302     
   1.3700000000000006       -340.48621994546050     
   1.3800000000000003       -340.50752074880722     
   1.3899999999999999       -340.52816179676302     
   1.4000000000000001       -340.54815025263463     
   1.4100000000000006       -340.56750039004703     
   1.4200000000000004       -340.58623232796953     
   1.4299999999999999       -340.60437071175573     
   1.4400000000000002       -340.62194341085461     
   1.4500000000000004       -340.63898028829476     
   1.4600000000000002       -340.65551208245893     
   1.4700000000000002       -340.67156942845332     
   1.4799999999999998       -340.68718203486799     
   1.4900000000000002       -340.70237802199040     
   1.5000000000000002       -340.71718341963964     
   1.5100000000000002       -340.73162181662383     
   1.5199999999999998       -340.74571414928221     
   1.5300000000000002       -340.75947861347555     
   1.5400000000000003       -340.77293068254153     
   1.5500000000000000       -340.78608321294746     
   1.5599999999999998       -340.79894661944371     
   1.5700000000000001       -340.81152910226831     
   1.5800000000000005       -340.82383691019913     
   1.5900000000000003       -340.83587462485451     
   1.5999999999999999       -340.84764545345433     
   1.6100000000000001       -340.85915151918471     
   1.6200000000000003       -340.87039414024792     
   1.6300000000000001       -340.88137409056225     
   1.6399999999999999       -340.89209183685819     
   1.6500000000000004       -340.90254774853122     
   1.6600000000000004       -340.91274227807520     
   1.6700000000000002       -340.92267611116682     
   1.6799999999999999       -340.93235028654919     
   1.6900000000000002       -340.94176628672807     
   1.7000000000000004       -340.95092610119127     
   1.7100000000000002       -340.95983226438017     
   1.7200000000000000       -340.96848787100441     
   1.7300000000000000       -340.97689657152830     
   1.7400000000000000       -340.98506255075500     
   1.7500000000000004       -340.99299049245269     
   1.7600000000000000       -341.00068553288821     
   1.7699999999999998       -341.00815320599185     
   1.7800000000000002       -341.01539938269246     
   1.7900000000000003       -341.02243020672626     
   1.8000000000000000       -341.02925202898359     
   1.8099999999999998       -341.03587134218304     
   1.8200000000000003       -341.04229471740513     
   1.8300000000000003       -341.04852874374751     
   1.8400000000000001       -341.05457997211585     
   1.8500000000000001       -341.06045486392480     
   1.8600000000000003       -341.06615974525937     
   1.8700000000000003       -341.07170076685730     
   1.8800000000000003       -341.07708387008375     
   1.8899999999999999       -341.08231475892484     
   1.9000000000000004       -341.08739887788840     
   1.9100000000000004       -341.09234139559464     
   1.9200000000000004       -341.09714719374563     
   1.9299999999999999       -341.10182086109791     
   1.9400000000000004       -341.10636669200812     
   1.9500000000000004       -341.11078868908618     
   1.9600000000000002       -341.11509056947568     
   1.9700000000000002       -341.11927577426201     
   1.9799999999999998       -341.12334748052757     
   1.9900000000000000       -341.12730861556992     
   2.0000000000000004       -341.13116187282935     
   2.0100000000000002       -341.13490972909574     
   2.0199999999999996       -341.13855446258901     
   2.0300000000000002       -341.14209817155080     
   2.0400000000000005       -341.14554279301291     
   2.0500000000000003       -341.14889012144812     
   2.0599999999999996       -341.15214182704409     
   2.0700000000000003       -341.15529947338246     
   2.0800000000000005       -341.15836453433349     
   2.0900000000000003       -341.16133841001647     
   2.0999999999999996       -341.16422244170610     
   2.1100000000000003       -341.16701792559348     
   2.1200000000000001       -341.16972612534090     
   2.1300000000000003       -341.17234828339167     
   2.1400000000000001       -341.17488563101858     
   2.1499999999999999       -341.17733939711809     
   2.1600000000000006       -341.17971081576718     
   2.1700000000000004       -341.18200113258354     
   2.1800000000000002       -341.18421160993142     
   2.1899999999999999       -341.18634353103835     
   2.2000000000000002       -341.18839820308068     
   2.2100000000000004       -341.19037695931701     
   2.2199999999999998       -341.19228116034054     
   2.2299999999999995       -341.19411219453184     
   2.2399999999999998       -341.19587147779214     
   2.2500000000000000       -341.19756045263574     
   2.2599999999999998       -341.19918058672164     
   2.2699999999999996       -341.20073337090201     
   2.2800000000000002       -341.20222031686092     
   2.2900000000000005       -341.20364295441567     
   2.3000000000000003       -341.20500282854641     
   2.3100000000000005       -341.20630149621951     
   2.3200000000000003       -341.20754052306035     
   2.3300000000000005       -341.20872147993288     
   2.3400000000000003       -341.20984593947270     
   2.3499999999999996       -341.21091547261835     
   2.3599999999999999       -341.21193164518314     
   2.3700000000000001       -341.21289601449820     
   2.3799999999999999       -341.21381012616212     
   2.3900000000000001       -341.21467551092019     
   2.4000000000000004       -341.21549368169599     
   2.4099999999999997       -341.21626613079616     
   2.4200000000000004       -341.21699432729838     
   2.4299999999999997       -341.21767971463908     
   2.4399999999999999       -341.21832370840417     
   2.4500000000000002       -341.21892769433276     
   2.4600000000000004       -341.21949302653252     
   2.4700000000000002       -341.22002102591046     
   2.4800000000000004       -341.22051297881404     
   2.4900000000000002       -341.22097013588336     
   2.5000000000000004       -341.22139371110535     
   2.5100000000000002       -341.22178488106670     
   2.5200000000000005       -341.22214478439599     
   2.5300000000000002       -341.22247452138691     
   2.5400000000000005       -341.22277515379437     
   2.5500000000000003       -341.22304770479241     
   2.5600000000000001       -341.22329315908439     
   2.5700000000000003       -341.22351246315435     
   2.5800000000000005       -341.22370652564825     
   2.5899999999999999       -341.22387621787652     
   2.6000000000000005       -341.22402237442395     
   2.6100000000000003       -341.22414579385895     
   2.6200000000000001       -341.22424723952918     
   2.6300000000000003       -341.22432744043635     
   2.6400000000000001       -341.22438709217744     
   2.6500000000000004       -341.22442685794431     
   2.6599999999999997       -341.22444736957249     
   2.6700000000000004       -341.22444922862974     
   2.6799999999999997       -341.22443300753832     
   2.6900000000000004       -341.22439925071905     
   2.6999999999999997       -341.22434847575505     
   2.7100000000000004       -341.22428117456451     
   2.7199999999999998       -341.22419781457825     
   2.7300000000000004       -341.22409883991514     
   2.7399999999999998       -341.22398467255232     
   2.7500000000000004       -341.22385571348110     
   2.7600000000000002       -341.22371234384963     
   2.7700000000000000       -341.22355492608489     
   2.7800000000000002       -341.22338380499031     
   2.7900000000000000       -341.22319930881957     
   2.8000000000000003       -341.22300175031876     
   2.8100000000000005       -341.22279142774016     
   2.8199999999999998       -341.22256862582054     
   2.8300000000000005       -341.22233361672625     
   2.8400000000000003       -341.22208666096219     
   2.8500000000000005       -341.22182800824345     
   2.8600000000000003       -341.22155789832965     
   2.8700000000000001       -341.22127656182096     
   2.8799999999999999       -341.22098422091608     
   2.8900000000000001       -341.22068109013168     
   2.8999999999999999       -341.22036737698306     
   2.9100000000000001       -341.22004328262739     
   2.9199999999999999       -341.21970900246976     
   2.9300000000000002       -341.21936472673156     
   2.9400000000000004       -341.21901064098284     
   2.9500000000000002       -341.21864692663985     
   2.9600000000000004       -341.21827376142738     
   2.9700000000000002       -341.21789131980830     
   2.9800000000000004       -341.21749977338033     
   2.9900000000000002       -341.21709929124120     
   3.0000000000000004       -341.21669004032447     
   3.0099999999999998       -341.21627218570586     
   3.0200000000000005       -341.21584589088144     
   3.0300000000000002       -341.21541131802053     
   3.0400000000000005       -341.21496862819129     
   3.0499999999999998       -341.21451798156517     
   3.0600000000000005       -341.21405953759506     
   3.0700000000000003       -341.21359345517493     
   3.0800000000000001       -341.21311989277740     
   3.0900000000000003       -341.21263900857184     
   3.1000000000000001       -341.21215096052657     
   3.1099999999999999       -341.21165590649093     
   3.1200000000000001       -341.21115400426459     
   3.1300000000000003       -341.21064541165066     
   3.1400000000000001       -341.21013028649560     
   3.1500000000000004       -341.20960878671565     
   3.1600000000000001       -341.20908107031346     
   3.1699999999999999       -341.20854729538195     
   3.1800000000000002       -341.20800762010060     
   3.1900000000000004       -341.20746220271968     
   3.1999999999999997       -341.20691120154032     
   3.2100000000000004       -341.20635477488418     
   3.2199999999999998       -341.20579308105795     
   3.2300000000000000       -341.20522627831178     
   3.2400000000000002       -341.20465452479266     
   3.2500000000000000       -341.20407797849271     
   3.2599999999999998       -341.20349679719470     
   3.2700000000000005       -341.20291113841296     
   3.2800000000000002       -341.20232115933254     
   3.2900000000000000       -341.20172701674522     
   3.2999999999999998       -341.20112886698428     
   3.3099999999999996       -341.20052686585797     
   3.3199999999999990       -341.19992116858066     
   3.3300000000000005       -341.19931192970529     
   3.3399999999999999       -341.19869930305430     
   3.3500000000000005       -341.19808344165085     
   3.3599999999999999       -341.19746449765040     
   3.3700000000000001       -341.19684262227275     
   3.3799999999999999       -341.19621796573546     
   3.3899999999999997       -341.19559067718785     
   3.3999999999999999       -341.19496090464582     
   3.4099999999999993       -341.19432879492922     
   3.4199999999999995       -341.19369449360005     
   3.4299999999999997       -341.19305814490269     
   3.4400000000000004       -341.19241989170570     
   3.4500000000000002       -341.19177987544583     
   3.4600000000000000       -341.19113823607432     
   3.4699999999999998       -341.19049511200495     
   3.4799999999999991       -341.18985064006432     
   3.4899999999999993       -341.18920495544495     
   3.5000000000000000       -341.18855819165981     
   3.5099999999999998       -341.18791048050002     
   3.5200000000000005       -341.18726195199451     
   3.5300000000000002       -341.18661273437215     
   3.5400000000000000       -341.18596295402614     
   3.5499999999999998       -341.18531273548109     
   3.5599999999999996       -341.18466220136224     
   3.5699999999999998       -341.18401147236688     
   3.5799999999999996       -341.18336066723850     
   3.5899999999999999       -341.18270990274306     
   3.6000000000000005       -341.18205929364723     
   3.6100000000000003       -341.18140895269983     
   3.6200000000000001       -341.18075899061387     
   3.6299999999999999       -341.18010951605248     
   3.6399999999999997       -341.17946063561544     
   3.6499999999999990       -341.17881245382898     
   3.6599999999999993       -341.17816507313694     
   3.6700000000000004       -341.17751859389330     
   3.6799999999999997       -341.17687311435827     
   3.6900000000000004       -341.17622873069450     
   3.7000000000000002       -341.17558553696603     
   3.7100000000000000       -341.17494362513838     
   3.7200000000000002       -341.17430308508114     
   3.7299999999999995       -341.17366400457070     
   3.7399999999999993       -341.17302646929642     
   3.7500000000000000       -341.17239056286644     
   3.7599999999999998       -341.17175636681606     
   3.7700000000000005       -341.17112396061708     
   3.7800000000000002       -341.17049342168809     
   3.7900000000000005       -341.16986482540682     
   3.7999999999999998       -341.16923824512276     
   3.8099999999999996       -341.16861375217172     
   3.8199999999999994       -341.16799141589047     
   3.8300000000000001       -341.16737130363344     
   3.8399999999999999       -341.16675348078934     
   3.8500000000000005       -341.16613801079956     
   3.8600000000000003       -341.16552495517698     
   3.8700000000000001       -341.16491437352516     
   3.8800000000000003       -341.16430632355946     
   3.8899999999999997       -341.16370086112698     
   3.8999999999999995       -341.16309804022933     
   3.9099999999999993       -341.16249791304438     
   3.9199999999999999       -341.16190052994864     
   3.9299999999999997       -341.16130593954153     
   3.9400000000000004       -341.16071418866829     
   3.9500000000000002       -341.16012532244457     
   3.9600000000000000       -341.15953938428066     
   3.9699999999999993       -341.15895641590669     
   3.9799999999999995       -341.15837645739782     
   3.9899999999999993       -341.15779954719937     
   4.0000000000000000       -341.15722572215282     
   4.0099999999999998       -341.15665501752170     
   4.0200000000000005       -341.15608746701724     
   4.0300000000000002       -341.15552310282493     
   4.0400000000000000       -341.15496195563099     
   4.0499999999999998       -341.15440405464807     
   4.0599999999999996       -341.15384942764274     
   4.0699999999999994       -341.15329810096085     
   4.0800000000000001       -341.15275009955462     
   4.0899999999999999       -341.15220544700895     
   4.1000000000000005       -341.15166416556804     
   4.1100000000000012       -341.15112627616151     
   4.1200000000000001       -341.15059179843041     
   4.1299999999999999       -341.15006075075439     
   4.1399999999999997       -341.14953315027640     
   4.1499999999999995       -341.14900901292992     
   4.1599999999999993       -341.14848835346379     
   4.1699999999999999       -341.14797118546824     
   4.1799999999999997       -341.14745752140033     
   4.1900000000000004       -341.14694737260919     
   4.2000000000000002       -341.14644074936081     
   4.2100000000000000       -341.14593766086335     
   4.2199999999999998       -341.14543811529131     
   4.2299999999999995       -341.14494211981025     
   4.2399999999999993       -341.14444968060036     
   4.2500000000000000       -341.14396080288105     
   4.2599999999999998       -341.14347549093407     
   4.2700000000000014       -341.14299374812680     
   4.2800000000000002       -341.14251557693598     
   4.2900000000000000       -341.14204097896948     
   4.2999999999999998       -341.14156995498962     
   4.3099999999999996       -341.14110250493508     
   4.3200000000000003       -341.14063862794268     
   4.3300000000000001       -341.14017832236897     
   4.3399999999999999       -341.13972158581220     
   4.3499999999999996       -341.13926841513211     
   4.3600000000000003       -341.13881880647148     
   4.3700000000000001       -341.13837275527663     
   4.3799999999999999       -341.13793025631662     
   4.3899999999999997       -341.13749130370377     
   4.4000000000000004       -341.13705589091268     
   4.4100000000000001       -341.13662401079955     
   4.4199999999999999       -341.13619565562090     
   4.4299999999999997       -341.13577081705182     
   4.4399999999999995       -341.13534948620435     
   4.4500000000000002       -341.13493165364542     
   4.4600000000000000       -341.13451730941370     
   4.4699999999999998       -341.13410644303792     
   4.4799999999999995       -341.13369904355261     
   4.4900000000000002       -341.13329509951546     
   4.5000000000000000       -341.13289459902290     
   4.5099999999999998       -341.13249752972678     
   4.5199999999999996       -341.13210387884925     
   4.5300000000000002       -341.13171363319890     
   4.5400000000000000       -341.13132677918492     
   4.5499999999999998       -341.13094330283246     
   4.5599999999999996       -341.13056318979670     
   4.5700000000000003       -341.13018642537702     
   4.5800000000000001       -341.12981299453105     
   4.5899999999999999       -341.12944288188800     
   4.5999999999999996       -341.12907607176174     
   4.6100000000000003       -341.12871254816429     
   4.6200000000000001       -341.12835229481800     
   4.6299999999999999       -341.12799529516786     
   4.6399999999999997       -341.12764153239442     
   4.6500000000000004       -341.12729098942464     
   4.6600000000000001       -341.12694364894418     
   4.6699999999999999       -341.12659949340843     
   4.6799999999999997       -341.12625850505344     
   4.6899999999999995       -341.12592066590719     
   4.7000000000000002       -341.12558595779956     
   4.7100000000000000       -341.12525436237291     
   4.7199999999999998       -341.12492586109227     
   4.7299999999999995       -341.12460043525476     
   4.7400000000000002       -341.12427806599965     
   4.7500000000000000       -341.12395873431706     
   4.7599999999999998       -341.12364242105770     
   4.7699999999999996       -341.12332910694113     
   4.7800000000000002       -341.12301877256488     
   4.7900000000000000       -341.12271139841283     
   4.7999999999999998       -341.12240696486293     
   4.8099999999999996       -341.12210545219568     
   4.8200000000000003       -341.12180684060178     
   4.8300000000000001       -341.12151111018966     
   4.8399999999999999       -341.12121824099285     
   4.8499999999999996       -341.12092821297711     
   4.8600000000000003       -341.12064100604732     
   4.8700000000000001       -341.12035660005466     
   4.8799999999999999       -341.12007497480289     
   4.8899999999999997       -341.11979611005455     
   4.9000000000000004       -341.11951998553764     
   4.9100000000000001       -341.11924658095137     
   4.9200000000000008       -341.11897587597218     
   4.9300000000000006       -341.11870785025934     
   4.9399999999999995       -341.11844248346063     
   4.9500000000000002       -341.11817975521734     
   4.9600000000000009       -341.11791964516999     
   4.9699999999999998       -341.11766213296312     
   4.9800000000000004       -341.11740719825013     
   4.9900000000000002       -341.11715482069826     
   5.0000000000000000       -341.11690497999268     
   5.0100000000000007       -341.11665765584172     
   5.0199999999999996       -341.11641282798030     
   5.0300000000000002       -341.11617047617511     
   5.0400000000000000       -341.11593058022765     
   5.0500000000000007       -341.11569311997869     
   5.0599999999999996       -341.11545807531206     
   5.0700000000000003       -341.11522542615796     
   5.0800000000000001       -341.11499515249693     
   5.0899999999999999       -341.11476723436260     
   5.1000000000000005       -341.11454165184585     
   5.1100000000000003       -341.11431838509725     
   5.1200000000000010       -341.11409741433039     
   5.1300000000000008       -341.11387871982475     
   5.1399999999999997       -341.11366228192878     
   5.1500000000000004       -341.11344808106207     
   5.1600000000000001       -341.11323609771875     
   5.1700000000000008       -341.11302631246923     
   5.1799999999999997       -341.11281870596321     
   5.1900000000000004       -341.11261325893162     
   5.2000000000000002       -341.11240995218901     
   5.2100000000000000       -341.11220876663594     
   5.2199999999999998       -341.11200968326068     
   5.2299999999999995       -341.11181268314095     
   5.2400000000000002       -341.11161774744676     
   5.2500000000000009       -341.11142485744097     
   5.2599999999999998       -341.11123399448212     
   5.2699999999999996       -341.11104514002517     
   5.2800000000000002       -341.11085827562380     
   5.2900000000000009       -341.11067338293145     
   5.3000000000000007       -341.11049044370282     
   5.3100000000000005       -341.11030943979512     
   5.3200000000000012       -341.11013035316978     
   5.3300000000000001       -341.10995316589316     
   5.3399999999999999       -341.10977786013785     
   5.3500000000000005       -341.10960441818401     
   5.3600000000000003       -341.10943282241976     
   5.3700000000000010       -341.10926305534298     
   5.3799999999999999       -341.10909509956150     
   5.3899999999999997       -341.10892893779442     
   5.4000000000000012       -341.10876455287223     
   5.4100000000000001       -341.10860192773862     
   5.4199999999999999       -341.10844104545015     
   5.4300000000000006       -341.10828188917736     
   5.4400000000000004       -341.10812444220528     
   5.4500000000000011       -341.10796868793386     
   5.4600000000000000       -341.10781460987869     
   5.4700000000000006       -341.10766219167101     
   5.4800000000000004       -341.10751141705879     
   5.4900000000000011       -341.10736226990633     
   5.5000000000000009       -341.10721473419494     
   5.5099999999999998       -341.10706879402341     
   5.5199999999999996       -341.10692443360784     
   5.5300000000000002       -341.10678163728204     
   5.5400000000000009       -341.10664038949756     
   5.5499999999999998       -341.10650067482419     
   5.5599999999999996       -341.10636247794940     
   5.5700000000000012       -341.10622578367924     
   5.5800000000000001       -341.10609057693739     
   5.5900000000000007       -341.10595684276592     
   5.5999999999999996       -341.10582456632488     
   5.6100000000000003       -341.10569373289241     
   5.6200000000000010       -341.10556432786450     
   5.6299999999999999       -341.10543633675502     
   5.6400000000000006       -341.10530974519531     
   5.6500000000000004       -341.10518453893422     
   5.6600000000000001       -341.10506070383803     
   5.6700000000000008       -341.10493822588978     
   5.6799999999999997       -341.10481709118966     
   5.6900000000000004       -341.10469728595399     
   5.7000000000000011       -341.10457879651557     
   5.7100000000000000       -341.10446160932281     
   5.7200000000000006       -341.10434571094015     
   5.7299999999999995       -341.10423108804702     
   5.7400000000000011       -341.10411772743748     
   5.7500000000000000       -341.10400561602063     
   5.7600000000000007       -341.10389474081899     
   5.7699999999999996       -341.10378508896923     
   5.7800000000000011       -341.10367664772093     
   5.7900000000000000       -341.10356940443660     
   5.7999999999999998       -341.10346334659101     
   5.8100000000000005       -341.10335846177060     
   5.8200000000000003       -341.10325473767335     
   5.8300000000000001       -341.10315216210790     
   5.8399999999999999       -341.10305072299326     
   5.8499999999999996       -341.10295040835808     
   5.8600000000000012       -341.10285120634040     
   5.8700000000000001       -341.10275310518693     
   5.8799999999999999       -341.10265609325228     
   5.8900000000000006       -341.10256015899870     
   5.9000000000000004       -341.10246529099555     
   5.9100000000000010       -341.10237147791838     
   5.9200000000000008       -341.10227870854868     
   5.9300000000000006       -341.10218697177271     
   5.9400000000000004       -341.10209625658183     
   5.9500000000000002       -341.10200655207086     
   5.9600000000000009       -341.10191784743819     
   5.9699999999999998       -341.10183013198485     
   5.9800000000000004       -341.10174339511377     
   5.9900000000000002       -341.10165762632937     
   6.0000000000000000       -341.10157281523681     
   6.0099999999999998       -341.10148895154123     
   6.0199999999999996       -341.10140602504731     
   6.0300000000000002       -341.10132402565836     
   6.0400000000000009       -341.10124294337606     
   6.0500000000000007       -341.10116276829899     
   6.0599999999999996       -341.10108349062307     
   6.0700000000000012       -341.10100510063990     
   6.0800000000000010       -341.10092758873645     
   6.0900000000000007       -341.10085094539465     
   6.0999999999999996       -341.10077516119031     
   6.1100000000000012       -341.10070022679258     
   6.1200000000000010       -341.10062613296321     
   6.1299999999999999       -341.10055287055604     
   6.1399999999999997       -341.10048043051609     
   6.1500000000000004       -341.10040880387879     
   6.1600000000000001       -341.10033798176988     
   6.1699999999999999       -341.10026795540387     
   6.1799999999999997       -341.10019871608398     
   6.1899999999999995       -341.10013025520118     
   6.2000000000000011       -341.10006256423361     
   6.2100000000000000       -341.09999563474565     
   6.2199999999999998       -341.09992945838758     
   6.2299999999999995       -341.09986402689475     
   6.2400000000000002       -341.09979933208666     
   6.2500000000000000       -341.09973536586665     
   6.2600000000000007       -341.09967212022082     
   6.2699999999999996       -341.09960958721774     
   6.2800000000000002       -341.09954775900752     
   6.2900000000000000       -341.09948662782102     
   6.3000000000000007       -341.09942618596949     
   6.3099999999999996       -341.09936642584381     
   6.3200000000000003       -341.09930733991325     
   6.3300000000000001       -341.09924892072581     
   6.3399999999999999       -341.09919116090680     
   6.3500000000000005       -341.09913405315814     
   6.3600000000000012       -341.09907759025816     
   6.3700000000000010       -341.09902176506051     
   6.3800000000000008       -341.09896657049387     
   6.3899999999999997       -341.09891199956087     
   6.4000000000000012       -341.09885804533775     
   6.4100000000000001       -341.09880470097357     
   6.4200000000000008       -341.09875195968948     
   6.4300000000000006       -341.09869981477823     
   6.4400000000000004       -341.09864825960346     
   6.4500000000000002       -341.09859728759909     
   6.4600000000000000       -341.09854689226853     
   6.4699999999999998       -341.09849706718416     
   6.4800000000000004       -341.09844780598667     
   6.4900000000000002       -341.09839910238452     
   6.5000000000000009       -341.09835095015296     
   6.5099999999999998       -341.09830334313409     
   6.5200000000000005       -341.09825627523537     
   6.5300000000000011       -341.09820974042975     
   6.5400000000000009       -341.09816373275447     
   6.5499999999999998       -341.09811824631100     
   6.5599999999999996       -341.09807327526397     
   6.5700000000000003       -341.09802881384087     
   6.5800000000000001       -341.09798485633110     
   6.5899999999999999       -341.09794139708589     
   6.6000000000000005       -341.09789843051720     
   6.6100000000000012       -341.09785595109742     
   6.6200000000000010       -341.09781395335875     
   6.6300000000000008       -341.09777243189251     
   6.6400000000000006       -341.09773138134869     
   6.6500000000000012       -341.09769079643513     
   6.6600000000000001       -341.09765067191745     
   6.6700000000000008       -341.09761100261795     
   6.6799999999999997       -341.09757178341533     
   6.6900000000000004       -341.09753300924405     
   6.7000000000000002       -341.09749467509380     
   6.7100000000000000       -341.09745677600887     
   6.7199999999999998       -341.09741930708793     
   6.7299999999999995       -341.09738226348304     
   6.7400000000000011       -341.09734564039923     
   6.7500000000000009       -341.09730943309427     
   6.7600000000000007       -341.09727363687773     
   6.7700000000000005       -341.09723824711085     
   6.7800000000000011       -341.09720325920551     
   6.7900000000000009       -341.09716866862425     
   6.7999999999999998       -341.09713447087967     
   6.8099999999999996       -341.09710066153326     
   6.8200000000000012       -341.09706723619587     
   6.8300000000000001       -341.09703419052659     
   6.8399999999999999       -341.09700152023237     
   6.8499999999999996       -341.09696922106764     
   6.8600000000000003       -341.09693728883371     
   6.8700000000000001       -341.09690571937836     
   6.8799999999999999       -341.09687450859536     
   6.8900000000000006       -341.09684365242367     
   6.9000000000000004       -341.09681314684786     
   6.9100000000000001       -341.09678298789640     
   6.9199999999999999       -341.09675317164226     
   6.9300000000000006       -341.09672369420178     
   6.9400000000000004       -341.09669455173457     
   6.9500000000000011       -341.09666574044297     
   6.9600000000000009       -341.09663725657157     
   6.9699999999999998       -341.09660909640672     
   6.9799999999999995       -341.09658125627612     
   6.9900000000000011       -341.09655373254850     
   7.0000000000000009       -341.09652652163311     
   7.0100000000000007       -341.09649961997923     
   7.0199999999999996       -341.09647302407569     
   7.0300000000000002       -341.09644673045068     
   7.0400000000000000       -341.09642073567130     
   7.0499999999999998       -341.09639503634281     
   7.0600000000000005       -341.09636962910872     
   7.0700000000000012       -341.09634451064989     
   7.0800000000000001       -341.09631967768445     
   7.0899999999999999       -341.09629512696745     
   7.0999999999999996       -341.09627085529024     
   7.1100000000000003       -341.09624685948006     
   7.1200000000000010       -341.09622313639994     
   7.1299999999999999       -341.09619968294811     
   7.1399999999999997       -341.09617649605747     
   7.1500000000000004       -341.09615357269581     
   7.1600000000000001       -341.09613090986454     
   7.1699999999999999       -341.09610850459916     
   7.1800000000000006       -341.09608635396842     
   7.1900000000000004       -341.09606445507404     
   7.2000000000000002       -341.09604280505044     
   7.2100000000000000       -341.09602140106432     
   7.2199999999999998       -341.09600024031448     
   7.2300000000000004       -341.09597932003106     
   7.2400000000000002       -341.09595863747558     
   7.2500000000000000       -341.09593818994063     
   7.2600000000000007       -341.09591797474906     
   7.2699999999999996       -341.09589798925430     
   7.2800000000000002       -341.09587823083933     
   7.2900000000000000       -341.09585869691699     
   7.2999999999999998       -341.09583938492938     
   7.3099999999999996       -341.09582029234741     
   7.3199999999999994       -341.09580141667067     
   7.3300000000000010       -341.09578275542702     
   7.3399999999999981       -341.09576430617238     
   7.3500000000000005       -341.09574606649028     
   7.3600000000000003       -341.09572803399192     
   7.3700000000000001       -341.09571020631500     
   7.3799999999999999       -341.09569258112458     
   7.3899999999999997       -341.09567515611184     
   7.4000000000000012       -341.09565792899440     
   7.4099999999999993       -341.09564089751558     
   7.4199999999999999       -341.09562405944445     
   7.4299999999999988       -341.09560741257536     
   7.4400000000000004       -341.09559095472775     
   7.4500000000000002       -341.09557468374584     
   7.4600000000000000       -341.09555859749815     
   7.4699999999999989       -341.09554269387780     
   7.4799999999999995       -341.09552697080159     
   7.4900000000000011       -341.09551142620995     
   7.4999999999999991       -341.09549605806694     
   7.5100000000000007       -341.09548086435984     
   7.5199999999999987       -341.09546584309857     
   7.5300000000000002       -341.09545099231582     
   7.5399999999999991       -341.09543631006676     
   7.5499999999999998       -341.09542179442866     
   7.5599999999999996       -341.09540744350062     
   7.5699999999999994       -341.09539325540339     
   7.5800000000000010       -341.09537922827934     
   7.5899999999999999       -341.09536536029174     
   7.6000000000000005       -341.09535164962500     
   7.6100000000000003       -341.09533809448413     
   7.6200000000000001       -341.09532469309460     
   7.6299999999999999       -341.09531144370214     
   7.6399999999999997       -341.09529834457243     
   7.6500000000000012       -341.09528539399111     
   7.6599999999999984       -341.09527259026322     
   7.6699999999999999       -341.09525993171331     
   7.6799999999999988       -341.09524741668469     
   7.6900000000000004       -341.09523504354007     
   7.7000000000000002       -341.09522281066052     
   7.7099999999999991       -341.09521071644565     
   7.7199999999999998       -341.09519875931340     
   7.7299999999999995       -341.09518693769985     
   7.7400000000000011       -341.09517525005884     
   7.7499999999999991       -341.09516369486187     
   7.7600000000000007       -341.09515227059791     
   7.7699999999999987       -341.09514097577335     
   7.7800000000000002       -341.09512980891134     
   7.7900000000000000       -341.09511876855225     
   7.7999999999999998       -341.09510785325290     
   7.8099999999999987       -341.09509706158673     
   7.8199999999999994       -341.09508639214346     
   7.8300000000000010       -341.09507584352889     
   7.8399999999999990       -341.09506541436485     
   7.8500000000000005       -341.09505510328887     
   7.8599999999999994       -341.09504490895415     
   7.8700000000000001       -341.09503483002908     
   7.8799999999999999       -341.09502486519762     
   7.8899999999999997       -341.09501501315845     
   7.9000000000000012       -341.09500527262543     
   7.9099999999999993       -341.09499564232675     
   7.9200000000000008       -341.09498612100572     
   7.9299999999999988       -341.09497670741956     
   7.9399999999999995       -341.09496740033995     
   7.9500000000000002       -341.09495819855243     
   7.9600000000000000       -341.09494910085670     
   7.9699999999999998       -341.09494010606596     
   7.9799999999999995       -341.09493121300716     
   7.9900000000000011       -341.09492242052056     
   7.9999999999999982       -341.09491372745981     
   8.0100000000000016       -341.09490513269168     
   8.0199999999999978       -341.09489663509584     
   8.0300000000000011       -341.09488823356480     
   8.0399999999999991       -341.09487992700377     
   8.0499999999999989       -341.09487171433051     
   8.0600000000000005       -341.09486359447521     
   8.0700000000000003       -341.09485556638020     
   8.0800000000000001       -341.09484762900018     
   8.0899999999999981       -341.09483978130129     
   8.1000000000000014       -341.09483202226221     
   8.1099999999999994       -341.09482435087273     
   8.1199999999999992       -341.09481676613456     
   8.1300000000000008       -341.09480926706061     
   8.1399999999999988       -341.09480185267540     
   8.1500000000000004       -341.09479452201435     
   8.1599999999999984       -341.09478727412403     
   8.1699999999999999       -341.09478010806191     
   8.1799999999999979       -341.09477302289628     
   8.1900000000000013       -341.09476601770615     
   8.2000000000000011       -341.09475909158084     
   8.2100000000000009       -341.09475224362052     
   8.2200000000000006       -341.09474547293524     
   8.2300000000000004       -341.09473877864565     
   8.2400000000000002       -341.09473215988203     
   8.2500000000000000       -341.09472561578497     
   8.2599999999999998       -341.09471914550488     
   8.2699999999999996       -341.09471274820163     
   8.2800000000000011       -341.09470642304495     
   8.2900000000000009       -341.09470016921415     
   8.3000000000000007       -341.09469398589761     
   8.3099999999999987       -341.09468787229349     
   8.3200000000000003       -341.09468182760855     
   8.3300000000000001       -341.09467585105921     
   8.3400000000000016       -341.09466994187045     
   8.3500000000000014       -341.09466409927626     
   8.3599999999999994       -341.09465832251959     
   8.3700000000000010       -341.09465261085160     
   8.3799999999999990       -341.09464696353263     
   8.3900000000000006       -341.09464137983093     
   8.3999999999999986       -341.09463585902353     
   8.4099999999999984       -341.09463040039560     
   8.4200000000000017       -341.09462500324037     
   8.4299999999999997       -341.09461966685927     
   8.4399999999999995       -341.09461439056184     
   8.4500000000000011       -341.09460917366539     
   8.4600000000000009       -341.09460401549507     
   8.4700000000000006       -341.09459891538370     
   8.4799999999999986       -341.09459387267185     
   8.4899999999999984       -341.09458888670764     
   8.5000000000000000       -341.09458395684658     
   8.5099999999999998       -341.09457908245150     
   8.5199999999999996       -341.09457426289276     
   8.5300000000000011       -341.09456949754758     
   8.5400000000000009       -341.09456478580063     
   8.5499999999999989       -341.09456012704339     
   8.5599999999999987       -341.09455552067465     
   8.5700000000000003       -341.09455096609958     
   8.5799999999999983       -341.09454646273048     
   8.5900000000000016       -341.09454200998630     
   8.5999999999999996       -341.09453760729264     
   8.6099999999999994       -341.09453325408180     
   8.6199999999999992       -341.09452894979233     
   8.6300000000000008       -341.09452469386935     
   8.6399999999999988       -341.09452048576435     
   8.6500000000000004       -341.09451632493494     
   8.6599999999999984       -341.09451221084521     
   8.6700000000000017       -341.09450814296503     
   8.6799999999999997       -341.09450412077064     
   8.6900000000000013       -341.09450014374397     
   8.7000000000000011       -341.09449621137333     
   8.7100000000000009       -341.09449232315228     
   8.7200000000000006       -341.09448847858073     
   8.7299999999999986       -341.09448467716402     
   8.7400000000000002       -341.09448091841307     
   8.7499999999999982       -341.09447720184465     
   8.7600000000000016       -341.09447352698083     
   8.7699999999999996       -341.09446989334924     
   8.7799999999999994       -341.09446630048291     
   8.7899999999999991       -341.09446274792015     
   8.8000000000000007       -341.09445923520462     
   8.8100000000000005       -341.09445576188517     
   8.8199999999999985       -341.09445232751574     
   8.8300000000000001       -341.09444893165551     
   8.8400000000000016       -341.09444557386848     
   8.8499999999999996       -341.09444225372380     
   8.8599999999999994       -341.09443897079558     
   8.8700000000000010       -341.09443572466262     
   8.8800000000000008       -341.09443251490865     
   8.8899999999999988       -341.09442934112212     
   8.9000000000000004       -341.09442620289616     
   8.9100000000000001       -341.09442309982859     
   8.9200000000000017       -341.09442003152174     
   8.9300000000000015       -341.09441699758258     
   8.9400000000000013       -341.09441399762250     
   8.9499999999999993       -341.09441103125744     
   8.9599999999999991       -341.09440809810752     
   8.9699999999999989       -341.09440519779730     
   8.9800000000000004       -341.09440232995570     
   8.9899999999999984       -341.09439949421574     
   9.0000000000000000       -341.09439669021481     
   9.0099999999999998       -341.09439391759412     
   9.0199999999999996       -341.09439117599919     
   9.0300000000000011       -341.09438846507976     
   9.0400000000000009       -341.09438578448913     
   9.0500000000000007       -341.09438313388489     
   9.0599999999999987       -341.09438051292847     
   9.0699999999999985       -341.09437792128500     
   9.0799999999999983       -341.09437535862361     
   9.0899999999999999       -341.09437282461715     
   9.1000000000000014       -341.09437031894214     
   9.1100000000000012       -341.09436784127877     
   9.1199999999999992       -341.09436539131116     
   9.1299999999999990       -341.09436296872656     
   9.1399999999999988       -341.09436057321614     
   9.1500000000000004       -341.09435820447447     
   9.1599999999999984       -341.09435586219956     
   9.1700000000000017       -341.09435354609292     
   9.1799999999999997       -341.09435125585946     
   9.1899999999999995       -341.09434899120748     
   9.1999999999999993       -341.09434675184843     
   9.2100000000000009       -341.09434453749719     
   9.2199999999999989       -341.09434234787193     
   9.2300000000000004       -341.09434018269394     
   9.2399999999999984       -341.09433804168771     
   9.2500000000000000       -341.09433592458078     
   9.2599999999999998       -341.09433383110394     
   9.2699999999999996       -341.09433176099088     
   9.2800000000000011       -341.09432971397860     
   9.2899999999999991       -341.09432768980668     
   9.2999999999999989       -341.09432568821802     
   9.3099999999999987       -341.09432370895831     
   9.3199999999999985       -341.09432175177602     
   9.3299999999999983       -341.09431981642263     
   9.3400000000000016       -341.09431790265251     
   9.3500000000000014       -341.09431601022254     
   9.3599999999999994       -341.09431413889268     
   9.3700000000000010       -341.09431228842539     
   9.3800000000000008       -341.09431045858594     
   9.3899999999999988       -341.09430864914231     
   9.3999999999999986       -341.09430685986496     
   9.4100000000000001       -341.09430509052709     
   9.4199999999999999       -341.09430334090433     
   9.4299999999999997       -341.09430161077518     
   9.4399999999999995       -341.09429989992020     
   9.4500000000000011       -341.09429820812289     
   9.4599999999999991       -341.09429653516884     
   9.4699999999999989       -341.09429488084629     
   9.4799999999999986       -341.09429324494573     
   9.4899999999999984       -341.09429162726030     
   9.5000000000000000       -341.09429002758526     
   9.5100000000000016       -341.09428844571806     
   9.5199999999999996       -341.09428688145891     
   9.5299999999999994       -341.09428533460976     
   9.5400000000000009       -341.09428380497525     
   9.5500000000000007       -341.09428229236192     
   9.5599999999999987       -341.09428079657869     
   9.5700000000000003       -341.09427931743653     
   9.5799999999999983       -341.09427785474867     
   9.5899999999999999       -341.09427640833030     
   9.6000000000000014       -341.09427497799885     
   9.6100000000000012       -341.09427356357378     
   9.6200000000000010       -341.09427216487660     
   9.6299999999999990       -341.09427078173070     
   9.6399999999999988       -341.09426941396174     
   9.6499999999999986       -341.09426806139720     
   9.6600000000000001       -341.09426672386644     
   9.6699999999999999       -341.09426540120091     
   9.6799999999999997       -341.09426409323385     
   9.6900000000000013       -341.09426279980050     
   9.7000000000000011       -341.09426152073780     
   9.7099999999999991       -341.09426025588476     
   9.7199999999999989       -341.09425900508205     
   9.7299999999999986       -341.09425776817216     
   9.7399999999999984       -341.09425654499933     
   9.7500000000000018       -341.09425533540974     
   9.7599999999999998       -341.09425413925118     
   9.7700000000000014       -341.09425295637311     
   9.7800000000000011       -341.09425178662678     
   9.7899999999999991       -341.09425062986509     
   9.7999999999999989       -341.09424948594261     
   9.8100000000000005       -341.09424835471560     
   9.8199999999999985       -341.09424723604184     
   9.8300000000000001       -341.09424612978080     
   9.8399999999999999       -341.09424503579351     
   9.8499999999999996       -341.09424395394262     
   9.8600000000000012       -341.09424288409235     
   9.8699999999999992       -341.09424182610826     
   9.8800000000000008       -341.09424077985761     
   9.8900000000000006       -341.09423974520917     
   9.9000000000000004       -341.09423872203303     
   9.9100000000000001       -341.09423771020096     
   9.9200000000000017       -341.09423670958608     
   9.9299999999999997       -341.09423572006284     
   9.9399999999999995       -341.09423474150731     
   9.9500000000000011       -341.09423377379676     
   9.9599999999999991       -341.09423281681006     
   9.9699999999999989       -341.09423187042717     
   9.9800000000000004       -341.09423093452966     
   9.9899999999999984       -341.09423000900040     
   10.000000000000000       -341.09422909372341     
   10.010000000000002       -341.09422818858411     
   10.020000000000001       -341.09422729346932     
   10.029999999999999       -341.09422640826699     
   10.039999999999999       -341.09422553286652     
   10.050000000000001       -341.09422466715824     
   10.060000000000000       -341.09422381103394     
   10.069999999999999       -341.09422296438674     
   10.079999999999998       -341.09422212711070     
   10.090000000000002       -341.09422129910121     
   10.100000000000000       -341.09422048025488     
   10.110000000000001       -341.09421967046933     
   10.119999999999999       -341.09421886964356     
   10.129999999999999       -341.09421807767745     
   10.140000000000001       -341.09421729447223     
   10.150000000000000       -341.09421651993011     
   10.160000000000000       -341.09421575395453     
   10.170000000000000       -341.09421499644975     
   10.180000000000001       -341.09421424732147     
   10.190000000000001       -341.09421350647619     
   10.199999999999999       -341.09421277382148     
   10.210000000000001       -341.09421204926622     
   10.219999999999999       -341.09421133271985     
   10.230000000000000       -341.09421062409331     
   10.239999999999998       -341.09420992329814     
   10.250000000000000       -341.09420923024720     
   10.260000000000002       -341.09420854485410     
   10.270000000000001       -341.09420786703350     
   10.280000000000001       -341.09420719670112     
   10.290000000000001       -341.09420653377344     
