   1.6999999999999984       -340.95092610119127     
   1.7099999999999984       -340.95983226438017     
   1.7199999999999984       -340.96848787100441     
   1.7299999999999984       -340.97689657152836     
   1.7399999999999984       -340.98506255075489     
   1.7499999999999984       -340.99299049245275     
   1.7599999999999985       -341.00068553288816     
   1.7699999999999985       -341.00815320599196     
   1.7799999999999985       -341.01539938269241     
   1.7899999999999985       -341.02243020672626     
   1.7999999999999985       -341.02925202898359     
   1.8099999999999985       -341.03587134218310     
   1.8199999999999983       -341.04229471740513     
   1.8299999999999981       -341.04852874374745     
   1.8399999999999985       -341.05457997211585     
   1.8499999999999983       -341.06045486392475     
   1.8599999999999983       -341.06615974525937     
   1.8699999999999983       -341.07170076685725     
   1.8799999999999983       -341.07708387008387     
   1.8899999999999983       -341.08231475892484     
   1.8999999999999981       -341.08739887788840     
   1.9099999999999981       -341.09234139559459     
   1.9199999999999984       -341.09714719374557     
   1.9299999999999984       -341.10182086109785     
   1.9399999999999982       -341.10636669200812     
   1.9499999999999982       -341.11078868908623     
   1.9599999999999982       -341.11509056947557     
   1.9699999999999984       -341.11927577426195     
   1.9799999999999982       -341.12334748052768     
   1.9899999999999982       -341.12730861556986     
   1.9999999999999982       -341.13116187282935     
   2.0099999999999985       -341.13490972909574     
   2.0199999999999982       -341.13855446258896     
   2.0299999999999980       -341.14209817155080     
   2.0399999999999983       -341.14554279301291     
   2.0499999999999980       -341.14889012144801     
   2.0599999999999978       -341.15214182704409     
   2.0699999999999985       -341.15529947338234     
   2.0799999999999983       -341.15836453433354     
   2.0899999999999985       -341.16133841001653     
   2.0999999999999983       -341.16422244170604     
   2.1099999999999981       -341.16701792559348     
   2.1199999999999979       -341.16972612534096     
   2.1299999999999981       -341.17234828339167     
   2.1399999999999983       -341.17488563101847     
   2.1499999999999981       -341.17733939711815     
   2.1599999999999984       -341.17971081576718     
   2.1699999999999982       -341.18200113258354     
   2.1799999999999979       -341.18421160993148     
   2.1899999999999982       -341.18634353103835     
   2.1999999999999980       -341.18839820308074     
   2.2099999999999982       -341.19037695931701     
   2.2199999999999980       -341.19228116034054     
   2.2299999999999982       -341.19411219453184     
   2.2399999999999980       -341.19587147779220     
   2.2499999999999982       -341.19756045263580     
   2.2599999999999980       -341.19918058672164     
   2.2699999999999982       -341.20073337090201     
   2.2799999999999980       -341.20222031686092     
   2.2899999999999978       -341.20364295441567     
   2.2999999999999985       -341.20500282854636     
   2.3099999999999978       -341.20630149621945     
   2.3199999999999981       -341.20754052306035     
   2.3299999999999979       -341.20872147993288     
   2.3399999999999981       -341.20984593947276     
   2.3499999999999979       -341.21091547261835     
   2.3599999999999981       -341.21193164518314     
   2.3699999999999979       -341.21289601449820     
   2.3799999999999981       -341.21381012616212     
   2.3899999999999979       -341.21467551092019     
   2.3999999999999981       -341.21549368169599     
   2.4099999999999979       -341.21626613079616     
   2.4199999999999982       -341.21699432729838     
   2.4299999999999979       -341.21767971463908     
   2.4399999999999982       -341.21832370840417     
   2.4499999999999980       -341.21892769433271     
   2.4599999999999977       -341.21949302653252     
   2.4699999999999980       -341.22002102591040     
   2.4799999999999982       -341.22051297881404     
   2.4899999999999980       -341.22097013588336     
   2.4999999999999982       -341.22139371110535     
   2.5099999999999980       -341.22178488106670     
   2.5199999999999978       -341.22214478439599     
   2.5299999999999980       -341.22247452138691     
   2.5399999999999978       -341.22277515379437     
   2.5499999999999980       -341.22304770479241     
   2.5599999999999978       -341.22329315908439     
   2.5699999999999981       -341.22351246315435     
   2.5799999999999979       -341.22370652564825     
   2.5899999999999981       -341.22387621787652     
   2.5999999999999979       -341.22402237442395     
   2.6099999999999981       -341.22414579385895     
   2.6199999999999979       -341.22424723952918     
   2.6299999999999981       -341.22432744043635     
   2.6399999999999979       -341.22438709217744     
   2.6499999999999981       -341.22442685794431     
   2.6599999999999979       -341.22444736957249     
   2.6699999999999982       -341.22444922862974     
   2.6799999999999979       -341.22443300753838     
   2.6899999999999982       -341.22439925071905     
   2.6999999999999980       -341.22434847575505     
   2.7099999999999977       -341.22428117456451     
   2.7199999999999980       -341.22419781457825     
   2.7299999999999982       -341.22409883991514     
   2.7399999999999980       -341.22398467255232     
   2.7499999999999982       -341.22385571348110     
   2.7599999999999980       -341.22371234384957     
   2.7699999999999982       -341.22355492608489     
   2.7799999999999980       -341.22338380499031     
   2.7899999999999978       -341.22319930881957     
   2.7999999999999980       -341.22300175031876     
   2.8099999999999983       -341.22279142774016     
   2.8199999999999981       -341.22256862582054     
   2.8299999999999979       -341.22233361672625     
   2.8399999999999981       -341.22208666096219     
   2.8499999999999983       -341.22182800824345     
   2.8599999999999981       -341.22155789832965     
   2.8699999999999979       -341.22127656182096     
   2.8799999999999977       -341.22098422091608     
   2.8899999999999983       -341.22068109013168     
   2.8999999999999981       -341.22036737698306     
   2.9099999999999979       -341.22004328262739     
   2.9199999999999982       -341.21970900246976     
   2.9299999999999979       -341.21936472673156     
   2.9399999999999982       -341.21901064098284     
   2.9499999999999980       -341.21864692663985     
   2.9599999999999977       -341.21827376142738     
   2.9699999999999980       -341.21789131980830     
   2.9799999999999982       -341.21749977338033     
   2.9899999999999980       -341.21709929124120     
   2.9999999999999978       -341.21669004032447     
   3.0099999999999980       -341.21627218570586     
   3.0199999999999982       -341.21584589088144     
   3.0299999999999980       -341.21541131802053     
   3.0399999999999978       -341.21496862819129     
   3.0499999999999980       -341.21451798156517     
   3.0599999999999983       -341.21405953759506     
   3.0699999999999981       -341.21359345517493     
   3.0799999999999979       -341.21311989277734     
   3.0899999999999981       -341.21263900857184     
   3.0999999999999983       -341.21215096052657     
   3.1099999999999981       -341.21165590649093     
   3.1199999999999979       -341.21115400426459     
   3.1299999999999977       -341.21064541165066     
   3.1399999999999979       -341.21013028649560     
   3.1499999999999981       -341.20960878671565     
   3.1599999999999979       -341.20908107031346     
   3.1699999999999977       -341.20854729538195     
   3.1799999999999979       -341.20800762010060     
   3.1899999999999982       -341.20746220271968     
   3.1999999999999980       -341.20691120154032     
   3.2099999999999973       -341.20635477488418     
   3.2199999999999980       -341.20579308105795     
   3.2299999999999982       -341.20522627831178     
   3.2399999999999980       -341.20465452479266     
   3.2499999999999978       -341.20407797849271     
   3.2599999999999980       -341.20349679719470     
   3.2699999999999982       -341.20291113841296     
   3.2799999999999980       -341.20232115933254     
   3.2899999999999978       -341.20172701674522     
   3.2999999999999980       -341.20112886698428     
   3.3099999999999983       -341.20052686585797     
   3.3199999999999981       -341.19992116858066     
   3.3299999999999979       -341.19931192970529     
   3.3399999999999981       -341.19869930305430     
   3.3499999999999983       -341.19808344165085     
   3.3599999999999981       -341.19746449765040     
   3.3699999999999979       -341.19684262227275     
   3.3799999999999977       -341.19621796573546     
   3.3899999999999979       -341.19559067718785     
   3.3999999999999981       -341.19496090464582     
   3.4099999999999979       -341.19432879492922     
   3.4199999999999977       -341.19369449360005     
   3.4299999999999979       -341.19305814490269     
   3.4399999999999982       -341.19241989170570     
   3.4499999999999980       -341.19177987544583     
   3.4599999999999973       -341.19113823607432     
   3.4699999999999980       -341.19049511200495     
   3.4799999999999982       -341.18985064006432     
   3.4899999999999980       -341.18920495544495     
   3.4999999999999973       -341.18855819165981     
   3.5099999999999980       -341.18791048050002     
   3.5199999999999978       -341.18726195199451     
   3.5299999999999980       -341.18661273437215     
   3.5399999999999978       -341.18596295402614     
   3.5499999999999980       -341.18531273548109     
   3.5599999999999983       -341.18466220136224     
   3.5699999999999981       -341.18401147236688     
   3.5799999999999979       -341.18336066723850     
   3.5899999999999981       -341.18270990274306     
   3.5999999999999983       -341.18205929364723     
   3.6099999999999981       -341.18140895269983     
   3.6199999999999979       -341.18075899061387     
   3.6299999999999977       -341.18010951605248     
   3.6399999999999979       -341.17946063561544     
   3.6499999999999977       -341.17881245382898     
   3.6599999999999979       -341.17816507313694     
   3.6699999999999977       -341.17751859389330     
   3.6799999999999975       -341.17687311435827     
   3.6899999999999982       -341.17622873069450     
   3.6999999999999980       -341.17558553696603     
   3.7099999999999982       -341.17494362513838     
   3.7199999999999980       -341.17430308508114     
   3.7299999999999982       -341.17366400457070     
   3.7399999999999975       -341.17302646929642     
   3.7499999999999978       -341.17239056286644     
   3.7599999999999980       -341.17175636681606     
   3.7699999999999978       -341.17112396061708     
   3.7799999999999976       -341.17049342168809     
   3.7899999999999978       -341.16986482540682     
   3.7999999999999980       -341.16923824512276     
   3.8099999999999974       -341.16861375217172     
   3.8199999999999981       -341.16799141589047     
   3.8299999999999979       -341.16737130363344     
   3.8399999999999981       -341.16675348078934     
   3.8499999999999979       -341.16613801079956     
   3.8599999999999981       -341.16552495517698     
   3.8699999999999979       -341.16491437352516     
   3.8799999999999977       -341.16430632355946     
   3.8899999999999979       -341.16370086112698     
   3.8999999999999981       -341.16309804022933     
   3.9099999999999979       -341.16249791304438     
   3.9199999999999982       -341.16190052994864     
   3.9299999999999979       -341.16130593954153     
   3.9399999999999982       -341.16071418866829     
   3.9499999999999980       -341.16012532244457     
   3.9599999999999982       -341.15953938428066     
   3.9699999999999975       -341.15895641590669     
   3.9799999999999982       -341.15837645739782     
   3.9899999999999975       -341.15779954719937     
   3.9999999999999982       -341.15722572215282     
   4.0099999999999980       -341.15665501752170     
   4.0199999999999978       -341.15608746701724     
   4.0299999999999976       -341.15552310282493     
   4.0399999999999974       -341.15496195563099     
   4.0499999999999980       -341.15440405464807     
   4.0599999999999978       -341.15384942764274     
   4.0699999999999976       -341.15329810096085     
   4.0799999999999974       -341.15275009955462     
   4.0899999999999981       -341.15220544700895     
   4.0999999999999979       -341.15166416556804     
   4.1099999999999985       -341.15112627616151     
   4.1199999999999974       -341.15059179843041     
   4.1299999999999981       -341.15006075075439     
   4.1399999999999979       -341.14953315027640     
   4.1499999999999977       -341.14900901292992     
   4.1599999999999975       -341.14848835346379     
   4.1699999999999982       -341.14797118546824     
   4.1799999999999979       -341.14745752140033     
   4.1899999999999977       -341.14694737260919     
   4.1999999999999975       -341.14644074936081     
   4.2099999999999982       -341.14593766086335     
   4.2199999999999980       -341.14543811529131     
   4.2299999999999978       -341.14494211981025     
   4.2399999999999975       -341.14444968060036     
   4.2499999999999982       -341.14396080288105     
   4.2599999999999980       -341.14347549093407     
   4.2699999999999978       -341.14299374812680     
   4.2799999999999976       -341.14251557693598     
   4.2899999999999983       -341.14204097896948     
   4.2999999999999980       -341.14156995498962     
   4.3099999999999978       -341.14110250493508     
   4.3199999999999976       -341.14063862794268     
   4.3299999999999974       -341.14017832236897     
   4.3399999999999981       -341.13972158581220     
   4.3499999999999979       -341.13926841513211     
   4.3599999999999977       -341.13881880647148     
   4.3699999999999974       -341.13837275527663     
   4.3799999999999981       -341.13793025631662     
   4.3899999999999979       -341.13749130370377     
   4.3999999999999977       -341.13705589091268     
   4.4099999999999975       -341.13662401079955     
   4.4199999999999982       -341.13619565562090     
   4.4299999999999979       -341.13577081705182     
   4.4399999999999977       -341.13534948620435     
   4.4499999999999975       -341.13493165364542     
   4.4599999999999982       -341.13451730941370     
   4.4699999999999980       -341.13410644303792     
   4.4799999999999978       -341.13369904355261     
   4.4899999999999975       -341.13329509951546     
   4.4999999999999982       -341.13289459902290     
   4.5099999999999980       -341.13249752972678     
   4.5199999999999978       -341.13210387884925     
   4.5299999999999976       -341.13171363319890     
   4.5399999999999974       -341.13132677918492     
   4.5499999999999980       -341.13094330283246     
   4.5599999999999978       -341.13056318979670     
   4.5699999999999976       -341.13018642537702     
   4.5799999999999974       -341.12981299453105     
   4.5899999999999981       -341.12944288188800     
   4.5999999999999979       -341.12907607176174     
   4.6099999999999977       -341.12871254816429     
   4.6199999999999974       -341.12835229481800     
   4.6299999999999981       -341.12799529516786     
   4.6399999999999979       -341.12764153239442     
   4.6499999999999977       -341.12729098942464     
   4.6599999999999975       -341.12694364894418     
   4.6699999999999982       -341.12659949340843     
   4.6799999999999979       -341.12625850505344     
   4.6899999999999977       -341.12592066590719     
   4.6999999999999975       -341.12558595779956     
   4.7099999999999973       -341.12525436237291     
   4.7199999999999971       -341.12492586109227     
   4.7299999999999978       -341.12460043525476     
   4.7399999999999975       -341.12427806599965     
   4.7499999999999982       -341.12395873431706     
   4.7599999999999980       -341.12364242105770     
   4.7699999999999978       -341.12332910694113     
   4.7799999999999976       -341.12301877256488     
   4.7899999999999974       -341.12271139841283     
   4.7999999999999972       -341.12240696486293     
   4.8099999999999969       -341.12210545219568     
   4.8199999999999976       -341.12180684060178     
   4.8299999999999974       -341.12151111018966     
   4.8399999999999981       -341.12121824099285     
   4.8499999999999979       -341.12092821297711     
   4.8599999999999977       -341.12064100604732     
   4.8699999999999974       -341.12035660005466     
   4.8799999999999972       -341.12007497480289     
   4.8899999999999970       -341.11979611005455     
   4.8999999999999977       -341.11951998553764     
   4.9099999999999975       -341.11924658095137     
   4.9199999999999982       -341.11897587597218     
   4.9299999999999979       -341.11870785025934     
   4.9399999999999977       -341.11844248346063     
   4.9499999999999975       -341.11817975521734     
   4.9599999999999973       -341.11791964516999     
   4.9699999999999971       -341.11766213296312     
   4.9799999999999978       -341.11740719825013     
   4.9899999999999975       -341.11715482069826     
   4.9999999999999982       -341.11690497999268     
   5.0099999999999980       -341.11665765584172     
   5.0199999999999978       -341.11641282798030     
   5.0299999999999976       -341.11617047617511     
   5.0399999999999974       -341.11593058022765     
   5.0499999999999972       -341.11569311997869     
   5.0599999999999969       -341.11545807531206     
   5.0699999999999976       -341.11522542615796     
   5.0799999999999974       -341.11499515249693     
   5.0899999999999981       -341.11476723436260     
   5.0999999999999979       -341.11454165184585     
   5.1099999999999977       -341.11431838509725     
   5.1199999999999974       -341.11409741433039     
   5.1299999999999972       -341.11387871982475     
   5.1399999999999970       -341.11366228192878     
   5.1499999999999977       -341.11344808106207     
   5.1599999999999975       -341.11323609771875     
   5.1699999999999982       -341.11302631246923     
   5.1799999999999979       -341.11281870596321     
   5.1899999999999977       -341.11261325893162     
   5.1999999999999975       -341.11240995218901     
   5.2099999999999973       -341.11220876663594     
   5.2199999999999971       -341.11200968326068     
   5.2299999999999978       -341.11181268314095     
   5.2399999999999975       -341.11161774744676     
   5.2499999999999982       -341.11142485744097     
   5.2599999999999980       -341.11123399448212     
   5.2699999999999978       -341.11104514002517     
   5.2799999999999976       -341.11085827562380     
   5.2899999999999974       -341.11067338293145     
   5.2999999999999972       -341.11049044370282     
   5.3099999999999969       -341.11030943979512     
   5.3199999999999976       -341.11013035316978     
   5.3299999999999974       -341.10995316589316     
   5.3399999999999981       -341.10977786013785     
   5.3499999999999979       -341.10960441818401     
   5.3599999999999977       -341.10943282241976     
   5.3699999999999974       -341.10926305534298     
   5.3799999999999972       -341.10909509956150     
   5.3899999999999970       -341.10892893779442     
   5.3999999999999977       -341.10876455287223     
   5.4099999999999975       -341.10860192773862     
   5.4199999999999982       -341.10844104545015     
   5.4299999999999979       -341.10828188917736     
   5.4399999999999977       -341.10812444220528     
   5.4499999999999975       -341.10796868793386     
   5.4599999999999973       -341.10781460987869     
   5.4699999999999971       -341.10766219167101     
   5.4799999999999978       -341.10751141705879     
   5.4899999999999975       -341.10736226990633     
   5.4999999999999982       -341.10721473419494     
   5.5099999999999980       -341.10706879402341     
   5.5199999999999978       -341.10692443360784     
   5.5299999999999976       -341.10678163728204     
   5.5399999999999974       -341.10664038949756     
   5.5499999999999972       -341.10650067482419     
   5.5599999999999969       -341.10636247794940     
   5.5699999999999976       -341.10622578367924     
   5.5799999999999974       -341.10609057693739     
   5.5899999999999981       -341.10595684276592     
   5.5999999999999979       -341.10582456632488     
   5.6099999999999977       -341.10569373289241     
   5.6199999999999974       -341.10556432786450     
   5.6299999999999972       -341.10543633675502     
   5.6399999999999970       -341.10530974519531     
   5.6499999999999977       -341.10518453893422     
   5.6599999999999975       -341.10506070383803     
   5.6699999999999982       -341.10493822588978     
   5.6799999999999979       -341.10481709118966     
   5.6899999999999977       -341.10469728595399     
   5.6999999999999975       -341.10457879651557     
   5.7099999999999973       -341.10446160932281     
   5.7199999999999980       -341.10434571094015     
   5.7299999999999978       -341.10423108804702     
   5.7399999999999975       -341.10411772743748     
   5.7499999999999973       -341.10400561602063     
   5.7599999999999980       -341.10389474081899     
   5.7699999999999978       -341.10378508896923     
   5.7799999999999976       -341.10367664772093     
   5.7899999999999974       -341.10356940443660     
   5.7999999999999972       -341.10346334659101     
   5.8099999999999978       -341.10335846177060     
   5.8199999999999976       -341.10325473767335     
   5.8299999999999974       -341.10315216210790     
   5.8399999999999972       -341.10305072299326     
   5.8499999999999979       -341.10295040835808     
   5.8599999999999977       -341.10285120634040     
   5.8699999999999974       -341.10275310518693     
   5.8799999999999972       -341.10265609325228     
   5.8899999999999979       -341.10256015899870     
   5.8999999999999977       -341.10246529099555     
   5.9099999999999975       -341.10237147791838     
   5.9199999999999973       -341.10227870854868     
   5.9299999999999979       -341.10218697177271     
   5.9399999999999977       -341.10209625658183     
   5.9499999999999975       -341.10200655207086     
   5.9599999999999973       -341.10191784743819     
   5.9699999999999980       -341.10183013198485     
   5.9799999999999978       -341.10174339511377     
   5.9899999999999975       -341.10165762632937     
   5.9999999999999973       -341.10157281523681     
   6.0099999999999980       -341.10148895154123     
   6.0199999999999978       -341.10140602504731     
   6.0299999999999976       -341.10132402565836     
   6.0399999999999974       -341.10124294337606     
   6.0499999999999980       -341.10116276829899     
   6.0599999999999978       -341.10108349062307     
   6.0699999999999976       -341.10100510063990     
   6.0799999999999974       -341.10092758873645     
   6.0899999999999972       -341.10085094539465     
   6.0999999999999979       -341.10077516119031     
   6.1099999999999977       -341.10070022679258     
   6.1199999999999974       -341.10062613296321     
   6.1299999999999972       -341.10055287055604     
   6.1399999999999979       -341.10048043051609     
   6.1499999999999977       -341.10040880387879     
   6.1599999999999975       -341.10033798176988     
   6.1699999999999973       -341.10026795540387     
   6.1799999999999979       -341.10019871608398     
   6.1899999999999977       -341.10013025520118     
   6.1999999999999975       -341.10006256423361     
   6.2099999999999973       -341.09999563474565     
   6.2199999999999980       -341.09992945838758     
   6.2299999999999978       -341.09986402689475     
   6.2399999999999975       -341.09979933208666     
   6.2499999999999973       -341.09973536586665     
   6.2599999999999980       -341.09967212022082     
   6.2699999999999978       -341.09960958721774     
   6.2799999999999976       -341.09954775900752     
   6.2899999999999974       -341.09948662782102     
   6.2999999999999980       -341.09942618596949     
   6.3099999999999978       -341.09936642584381     
   6.3199999999999985       -341.09930733991325     
   6.3299999999999974       -341.09924892072581     
   6.3399999999999981       -341.09919116090680     
   6.3499999999999979       -341.09913405315814     
   6.3599999999999977       -341.09907759025816     
   6.3699999999999974       -341.09902176506051     
   6.3799999999999981       -341.09896657049387     
   6.3899999999999979       -341.09891199956087     
   6.3999999999999977       -341.09885804533775     
   6.4099999999999984       -341.09880470097357     
   6.4199999999999973       -341.09875195968948     
   6.4299999999999979       -341.09869981477823     
   6.4399999999999977       -341.09864825960346     
   6.4499999999999975       -341.09859728759909     
   6.4599999999999982       -341.09854689226853     
   6.4699999999999980       -341.09849706718416     
   6.4799999999999978       -341.09844780598667     
   6.4899999999999975       -341.09839910238452     
   6.4999999999999982       -341.09835095015296     
   6.5099999999999980       -341.09830334313409     
   6.5199999999999978       -341.09825627523537     
   6.5299999999999976       -341.09820974042975     
   6.5399999999999974       -341.09816373275447     
   6.5499999999999980       -341.09811824631100     
   6.5599999999999987       -341.09807327526397     
   6.5699999999999976       -341.09802881384087     
   6.5799999999999974       -341.09798485633110     
   6.5899999999999972       -341.09794139708589     
   6.5999999999999979       -341.09789843051720     
   6.6099999999999977       -341.09785595109742     
   6.6199999999999974       -341.09781395335875     
   6.6299999999999972       -341.09777243189251     
   6.6399999999999979       -341.09773138134869     
   6.6499999999999986       -341.09769079643513     
   6.6599999999999975       -341.09765067191745     
   6.6699999999999973       -341.09761100261795     
   6.6799999999999979       -341.09757178341533     
   6.6899999999999977       -341.09753300924405     
   6.6999999999999975       -341.09749467509380     
   6.7099999999999973       -341.09745677600887     
   6.7199999999999989       -341.09741930708793     
   6.7299999999999978       -341.09738226348304     
   6.7399999999999975       -341.09734564039923     
   6.7499999999999982       -341.09730943309427     
   6.7599999999999980       -341.09727363687773     
   6.7699999999999978       -341.09723824711085     
   6.7799999999999976       -341.09720325920551     
   6.7899999999999974       -341.09716866862425     
   6.7999999999999989       -341.09713447087967     
   6.8099999999999978       -341.09710066153326     
   6.8199999999999976       -341.09706723619587     
   6.8299999999999974       -341.09703419052659     
   6.8399999999999972       -341.09700152023237     
   6.8499999999999979       -341.09696922106764     
   6.8599999999999977       -341.09693728883371     
   6.8699999999999983       -341.09690571937836     
   6.8799999999999972       -341.09687450859536     
   6.8899999999999979       -341.09684365242367     
   6.8999999999999977       -341.09681314684786     
   6.9099999999999975       -341.09678298789640     
   6.9199999999999973       -341.09675317164226     
   6.9299999999999979       -341.09672369420178     
   6.9399999999999977       -341.09669455173457     
   6.9499999999999975       -341.09666574044297     
   6.9599999999999973       -341.09663725657157     
   6.9699999999999980       -341.09660909640672     
   6.9799999999999978       -341.09658125627612     
   6.9899999999999984       -341.09655373254850     
   6.9999999999999973       -341.09652652163311     
   7.0099999999999980       -341.09649961997923     
   7.0199999999999978       -341.09647302407569     
   7.0299999999999976       -341.09644673045068     
   7.0399999999999983       -341.09642073567130     
   7.0499999999999980       -341.09639503634281     
   7.0599999999999978       -341.09636962910872     
   7.0699999999999976       -341.09634451064989     
   7.0799999999999974       -341.09631967768445     
   7.0899999999999972       -341.09629512696745     
   7.0999999999999979       -341.09627085529024     
   7.1099999999999985       -341.09624685948006     
   7.1199999999999974       -341.09622313639994     
   7.1299999999999972       -341.09619968294811     
   7.1399999999999988       -341.09617649605747     
   7.1499999999999977       -341.09615357269581     
   7.1599999999999975       -341.09613090986454     
   7.1699999999999973       -341.09610850459916     
   7.1799999999999988       -341.09608635396842     
   7.1899999999999977       -341.09606445507404     
   7.1999999999999975       -341.09604280505044     
   7.2099999999999982       -341.09602140106432     
   7.2199999999999980       -341.09600024031448     
   7.2299999999999978       -341.09597932003106     
   7.2399999999999975       -341.09595863747558     
   7.2499999999999973       -341.09593818994063     
   7.2599999999999980       -341.09591797474906     
   7.2699999999999978       -341.09589798925430     
   7.2799999999999976       -341.09587823083933     
   7.2899999999999974       -341.09585869691699     
   7.2999999999999980       -341.09583938492938     
   7.3099999999999978       -341.09582029234741     
   7.3199999999999976       -341.09580141667067     
   7.3299999999999974       -341.09578275542702     
   7.3399999999999972       -341.09576430617238     
   7.3499999999999979       -341.09574606649028     
   7.3599999999999977       -341.09572803399192     
   7.3699999999999974       -341.09571020631500     
   7.3799999999999972       -341.09569258112458     
   7.3899999999999979       -341.09567515611184     
   7.3999999999999977       -341.09565792899440     
   7.4099999999999975       -341.09564089751558     
   7.4199999999999973       -341.09562405944445     
   7.4299999999999979       -341.09560741257536     
   7.4399999999999977       -341.09559095472775     
   7.4499999999999975       -341.09557468374584     
   7.4599999999999973       -341.09555859749815     
   7.4699999999999989       -341.09554269387780     
   7.4799999999999978       -341.09552697080159     
   7.4899999999999975       -341.09551142620995     
   7.4999999999999973       -341.09549605806694     
   7.5099999999999980       -341.09548086435984     
   7.5199999999999987       -341.09546584309857     
   7.5299999999999976       -341.09545099231582     
   7.5399999999999974       -341.09543631006676     
   7.5499999999999980       -341.09542179442866     
   7.5599999999999978       -341.09540744350062     
   7.5699999999999976       -341.09539325540339     
   7.5799999999999974       -341.09537922827934     
   7.5899999999999981       -341.09536536029174     
   7.5999999999999979       -341.09535164962500     
   7.6099999999999977       -341.09533809448413     
   7.6199999999999974       -341.09532469309460     
   7.6299999999999972       -341.09531144370214     
   7.6399999999999979       -341.09529834457243     
   7.6499999999999977       -341.09528539399111     
   7.6599999999999975       -341.09527259026322     
   7.6699999999999973       -341.09525993171331     
   7.6799999999999979       -341.09524741668469     
   7.6899999999999977       -341.09523504354007     
   7.6999999999999975       -341.09522281066052     
   7.7099999999999973       -341.09521071644565     
   7.7199999999999980       -341.09519875931340     
   7.7299999999999978       -341.09518693769985     
   7.7399999999999975       -341.09517525005884     
   7.7499999999999973       -341.09516369486187     
   7.7599999999999989       -341.09515227059791     
   7.7699999999999978       -341.09514097577335     
   7.7799999999999985       -341.09512980891134     
   7.7899999999999974       -341.09511876855225     
   7.7999999999999980       -341.09510785325290     
   7.8099999999999978       -341.09509706158673     
   7.8199999999999976       -341.09508639214346     
   7.8299999999999974       -341.09507584352889     
   7.8399999999999981       -341.09506541436485     
   7.8499999999999979       -341.09505510328887     
   7.8599999999999977       -341.09504490895415     
   7.8699999999999974       -341.09503483002908     
   7.8799999999999981       -341.09502486519762     
   7.8899999999999979       -341.09501501315845     
   7.8999999999999977       -341.09500527262543     
   7.9099999999999975       -341.09499564232675     
   7.9199999999999973       -341.09498612100572     
   7.9299999999999979       -341.09497670741956     
   7.9399999999999977       -341.09496740033995     
   7.9499999999999975       -341.09495819855243     
   7.9599999999999973       -341.09494910085670     
   7.9699999999999980       -341.09494010606596     
   7.9799999999999978       -341.09493121300716     
   7.9899999999999975       -341.09492242052056     
   7.9999999999999973       -341.09491372745981     
   8.0099999999999980       -341.09490513269168     
   8.0199999999999978       -341.09489663509584     
   8.0299999999999976       -341.09488823356480     
   8.0399999999999974       -341.09487992700377     
   8.0499999999999972       -341.09487171433051     
   8.0599999999999987       -341.09486359447521     
   8.0699999999999985       -341.09485556638020     
   8.0799999999999965       -341.09484762900018     
   8.0899999999999981       -341.09483978130129     
   8.0999999999999979       -341.09483202226221     
   8.1099999999999977       -341.09482435087273     
   8.1199999999999974       -341.09481676613456     
   8.1299999999999972       -341.09480926706061     
   8.1399999999999988       -341.09480185267540     
   8.1499999999999986       -341.09479452201435     
   8.1599999999999984       -341.09478727412403     
   8.1699999999999982       -341.09478010806191     
   8.1799999999999979       -341.09477302289628     
   8.1899999999999977       -341.09476601770615     
   8.1999999999999975       -341.09475909158084     
   8.2099999999999973       -341.09475224362052     
   8.2199999999999989       -341.09474547293524     
   8.2299999999999986       -341.09473877864565     
   8.2399999999999967       -341.09473215988203     
   8.2499999999999982       -341.09472561578497     
   8.2599999999999980       -341.09471914550488     
   8.2699999999999978       -341.09471274820163     
   8.2799999999999976       -341.09470642304495     
   8.2899999999999974       -341.09470016921415     
   8.2999999999999989       -341.09469398589761     
   8.3099999999999969       -341.09468787229349     
   8.3199999999999985       -341.09468182760855     
   8.3299999999999965       -341.09467585105921     
   8.3399999999999981       -341.09466994187045     
   8.3499999999999979       -341.09466409927626     
   8.3599999999999977       -341.09465832251959     
   8.3699999999999974       -341.09465261085160     
   8.3799999999999972       -341.09464696353263     
   8.3899999999999988       -341.09464137983093     
   8.3999999999999986       -341.09463585902353     
   8.4099999999999966       -341.09463040039560     
   8.4199999999999982       -341.09462500324037     
   8.4299999999999979       -341.09461966685927     
   8.4399999999999977       -341.09461439056184     
   8.4499999999999975       -341.09460917366539     
   8.4599999999999973       -341.09460401549507     
   8.4699999999999989       -341.09459891538370     
   8.4799999999999986       -341.09459387267185     
   8.4899999999999984       -341.09458888670764     
   8.4999999999999982       -341.09458395684658     
   8.5099999999999980       -341.09457908245150     
   8.5199999999999978       -341.09457426289276     
   8.5299999999999976       -341.09456949754758     
   8.5399999999999974       -341.09456478580063     
   8.5499999999999972       -341.09456012704339     
   8.5599999999999969       -341.09455552067465     
   8.5699999999999985       -341.09455096609958     
   8.5799999999999983       -341.09454646273048     
   8.5899999999999981       -341.09454200998630     
   8.5999999999999979       -341.09453760729264     
   8.6099999999999977       -341.09453325408180     
   8.6199999999999974       -341.09452894979233     
   8.6299999999999972       -341.09452469386935     
   8.6399999999999988       -341.09452048576435     
   8.6499999999999986       -341.09451632493494     
   8.6599999999999984       -341.09451221084521     
   8.6699999999999964       -341.09450814296503     
   8.6799999999999979       -341.09450412077064     
   8.6899999999999977       -341.09450014374397     
   8.6999999999999975       -341.09449621137333     
   8.7099999999999973       -341.09449232315228     
   8.7199999999999971       -341.09448847858073     
   8.7299999999999986       -341.09448467716402     
   8.7399999999999967       -341.09448091841307     
   8.7499999999999982       -341.09447720184465     
   8.7599999999999980       -341.09447352698083     
   8.7699999999999978       -341.09446989334924     
   8.7799999999999976       -341.09446630048291     
   8.7899999999999974       -341.09446274792015     
   8.7999999999999989       -341.09445923520462     
   8.8099999999999969       -341.09445576188517     
   8.8199999999999985       -341.09445232751574     
   8.8299999999999965       -341.09444893165551     
   8.8399999999999981       -341.09444557386848     
   8.8499999999999979       -341.09444225372380     
   8.8599999999999977       -341.09443897079558     
   8.8699999999999974       -341.09443572466262     
   8.8799999999999972       -341.09443251490865     
   8.8899999999999988       -341.09442934112212     
   8.8999999999999968       -341.09442620289616     
   8.9099999999999984       -341.09442309982859     
   8.9199999999999964       -341.09442003152174     
   8.9299999999999979       -341.09441699758258     
   8.9399999999999977       -341.09441399762250     
   8.9499999999999975       -341.09441103125744     
   8.9599999999999973       -341.09440809810752     
   8.9699999999999971       -341.09440519779730     
   8.9799999999999986       -341.09440232995570     
   8.9899999999999967       -341.09439949421574     
   8.9999999999999982       -341.09439669021481     
   9.0099999999999980       -341.09439391759412     
   9.0199999999999978       -341.09439117599919     
   9.0299999999999976       -341.09438846507976     
   9.0399999999999974       -341.09438578448913     
   9.0499999999999989       -341.09438313388489     
   9.0599999999999969       -341.09438051292847     
   9.0699999999999985       -341.09437792128500     
   9.0799999999999965       -341.09437535862361     
   9.0899999999999981       -341.09437282461715     
   9.0999999999999979       -341.09437031894214     
   9.1099999999999977       -341.09436784127877     
   9.1199999999999974       -341.09436539131116     
   9.1299999999999972       -341.09436296872656     
   9.1399999999999988       -341.09436057321614     
   9.1499999999999968       -341.09435820447447     
   9.1599999999999984       -341.09435586219956     
   9.1699999999999964       -341.09435354609292     
   9.1799999999999979       -341.09435125585946     
   9.1899999999999977       -341.09434899120748     
   9.1999999999999975       -341.09434675184843     
   9.2099999999999973       -341.09434453749719     
   9.2199999999999971       -341.09434234787193     
   9.2299999999999986       -341.09434018269394     
   9.2399999999999967       -341.09433804168771     
   9.2499999999999982       -341.09433592458078     
   9.2599999999999980       -341.09433383110394     
   9.2699999999999978       -341.09433176099088     
   9.2799999999999976       -341.09432971397860     
   9.2899999999999974       -341.09432768980668     
   9.2999999999999989       -341.09432568821802     
   9.3099999999999969       -341.09432370895831     
   9.3199999999999985       -341.09432175177602     
   9.3299999999999965       -341.09431981642263     
   9.3399999999999981       -341.09431790265251     
   9.3499999999999979       -341.09431601022254     
   9.3599999999999977       -341.09431413889268     
   9.3699999999999974       -341.09431228842539     
   9.3799999999999972       -341.09431045858594     
   9.3899999999999988       -341.09430864914231     
   9.3999999999999968       -341.09430685986496     
   9.4099999999999984       -341.09430509052709     
   9.4199999999999964       -341.09430334090433     
   9.4299999999999979       -341.09430161077518     
   9.4399999999999977       -341.09429989992020     
   9.4499999999999975       -341.09429820812289     
   9.4599999999999973       -341.09429653516884     
   9.4699999999999971       -341.09429488084629     
   9.4799999999999986       -341.09429324494573     
   9.4899999999999967       -341.09429162726030     
   9.4999999999999982       -341.09429002758526     
   9.5099999999999962       -341.09428844571806     
   9.5199999999999978       -341.09428688145891     
   9.5299999999999976       -341.09428533460976     
   9.5399999999999974       -341.09428380497525     
   9.5499999999999989       -341.09428229236192     
   9.5599999999999969       -341.09428079657869     
   9.5699999999999985       -341.09427931743653     
   9.5799999999999965       -341.09427785474867     
   9.5899999999999981       -341.09427640833030     
   9.5999999999999979       -341.09427497799885     
   9.6099999999999977       -341.09427356357378     
   9.6199999999999974       -341.09427216487660     
   9.6299999999999972       -341.09427078173070     
   9.6399999999999988       -341.09426941396174     
   9.6499999999999968       -341.09426806139720     
   9.6599999999999984       -341.09426672386644     
   9.6699999999999964       -341.09426540120091     
   9.6799999999999979       -341.09426409323385     
   9.6899999999999977       -341.09426279980050     
   9.6999999999999975       -341.09426152073780     
   9.7099999999999973       -341.09426025588476     
   9.7199999999999971       -341.09425900508205     
   9.7299999999999969       -341.09425776817216     
   9.7399999999999984       -341.09425654499933     
   9.7499999999999982       -341.09425533540974     
   9.7599999999999980       -341.09425413925118     
   9.7699999999999978       -341.09425295637311     
   9.7799999999999976       -341.09425178662678     
   9.7899999999999974       -341.09425062986509     
   9.7999999999999972       -341.09424948594261     
   9.8099999999999969       -341.09424835471560     
   9.8199999999999985       -341.09424723604184     
   9.8299999999999983       -341.09424612978080     
   9.8399999999999981       -341.09424503579351     
   9.8499999999999979       -341.09424395394262     
   9.8599999999999977       -341.09424288409235     
   9.8699999999999974       -341.09424182610826     
   9.8799999999999972       -341.09424077985761     
   9.8899999999999970       -341.09423974520917     
   9.8999999999999968       -341.09423872203303     
   9.9099999999999984       -341.09423771020096     
   9.9199999999999982       -341.09423670958608     
   9.9299999999999979       -341.09423572006284     
   9.9399999999999977       -341.09423474150731     
   9.9499999999999975       -341.09423377379676     
   9.9599999999999955       -341.09423281681006     
   9.9699999999999971       -341.09423187042717     
   9.9799999999999969       -341.09423093452966     
   9.9899999999999984       -341.09423000900040     
   9.9999999999999982       -341.09422909372341     
   10.009999999999998       -341.09422818858411     
   10.019999999999998       -341.09422729346932     
   10.029999999999998       -341.09422640826699     
   10.039999999999997       -341.09422553286652     
   10.049999999999997       -341.09422466715824     
   10.059999999999997       -341.09422381103394     
   10.069999999999999       -341.09422296438674     
   10.079999999999998       -341.09422212711070     
   10.089999999999998       -341.09422129910121     
   10.099999999999998       -341.09422048025488     
   10.109999999999998       -341.09421967046933     
   10.119999999999997       -341.09421886964356     
   10.129999999999997       -341.09421807767745     
   10.139999999999997       -341.09421729447223     
   10.149999999999997       -341.09421651993011     
   10.159999999999998       -341.09421575395453     
   10.169999999999998       -341.09421499644975     
   10.179999999999998       -341.09421424732147     
   10.189999999999998       -341.09421350647619     
   10.199999999999998       -341.09421277382148     
   10.209999999999997       -341.09421204926622     
   10.219999999999997       -341.09421133271985     
   10.229999999999997       -341.09421062409331     
   10.239999999999998       -341.09420992329814     
   10.249999999999998       -341.09420923024720     
   10.259999999999998       -341.09420854485410     
   10.269999999999998       -341.09420786703350     
   10.279999999999998       -341.09420719670112     
   10.289999999999997       -341.09420653377344     
   10.299999999999997       -341.09420587816805     
   10.309999999999997       -341.09420522980338     
   10.319999999999999       -341.09420458859870     
   10.329999999999998       -341.09420395447432     
   10.339999999999998       -341.09420332735152     
   10.349999999999998       -341.09420270715219     
   10.359999999999998       -341.09420209379937     
   10.369999999999997       -341.09420148721676     
   10.379999999999997       -341.09420088732895     
   10.389999999999997       -341.09420029406169     
   10.399999999999999       -341.09419970734103     
   10.409999999999998       -341.09419912709421     
   10.419999999999998       -341.09419855324933     
   10.429999999999998       -341.09419798573504     
   10.439999999999998       -341.09419742448097     
   10.449999999999998       -341.09419686941743     
   10.459999999999997       -341.09419632047570     
   10.469999999999997       -341.09419577758763     
   10.479999999999997       -341.09419524068591     
   10.489999999999998       -341.09419470970391     
   10.499999999999998       -341.09419418457605     
   10.509999999999998       -341.09419366523707     
   10.519999999999998       -341.09419315162268     
   10.529999999999998       -341.09419264366920     
   10.539999999999997       -341.09419214131384     
   10.549999999999997       -341.09419164449440     
   10.559999999999997       -341.09419115314932     
   10.569999999999999       -341.09419066721779     
   10.579999999999998       -341.09419018663965     
   10.589999999999998       -341.09418971135557     
   10.599999999999998       -341.09418924130659     
   10.609999999999998       -341.09418877643475     
   10.619999999999997       -341.09418831668245     
   10.629999999999997       -341.09418786199291     
   10.639999999999997       -341.09418741230991     
   10.649999999999999       -341.09418696757785     
   10.659999999999998       -341.09418652774190     
   10.669999999999998       -341.09418609274763     
   10.679999999999998       -341.09418566254129     
   10.689999999999998       -341.09418523706984     
   10.699999999999998       -341.09418481628069     
   10.709999999999997       -341.09418440012195     
   10.719999999999997       -341.09418398854223     
   10.729999999999997       -341.09418358149071     
   10.739999999999998       -341.09418317891726     
   10.749999999999998       -341.09418278077220     
   10.759999999999998       -341.09418238700641     
   10.769999999999998       -341.09418199757135     
   10.779999999999998       -341.09418161241899     
   10.789999999999997       -341.09418123150198     
   10.799999999999997       -341.09418085477319     
   10.809999999999997       -341.09418048218635     
   10.819999999999999       -341.09418011369553     
   10.829999999999998       -341.09417974925532     
   10.839999999999998       -341.09417938882086     
   10.849999999999998       -341.09417903234782     
   10.859999999999998       -341.09417867979221     
   10.869999999999997       -341.09417833111075     
   10.879999999999997       -341.09417798626055     
   10.889999999999997       -341.09417764519912     
   10.899999999999999       -341.09417730788459     
   10.909999999999998       -341.09417697427534     
   10.919999999999998       -341.09417664433056     
   10.929999999999998       -341.09417631800949     
   10.939999999999998       -341.09417599527211     
   10.949999999999998       -341.09417567607875     
   10.959999999999997       -341.09417536039018     
   10.969999999999997       -341.09417504816770     
   10.979999999999997       -341.09417473937282     
   10.989999999999998       -341.09417443396779     
   10.999999999999998       -341.09417413191500     
   11.009999999999998       -341.09417383317748     
   11.019999999999998       -341.09417353771840     
   11.029999999999998       -341.09417324550162     
   11.039999999999997       -341.09417295649126     
   11.049999999999997       -341.09417267065197     
   11.059999999999997       -341.09417238794850     
   11.069999999999999       -341.09417210834636     
   11.079999999999998       -341.09417183181120     
   11.089999999999998       -341.09417155830914     
   11.099999999999998       -341.09417128780666     
   11.109999999999998       -341.09417102027061     
   11.119999999999997       -341.09417075566813     
   11.129999999999997       -341.09417049396706     
   11.139999999999997       -341.09417023513504     
   11.149999999999999       -341.09416997914064     
   11.159999999999998       -341.09416972595233     
   11.169999999999998       -341.09416947553922     
   11.179999999999998       -341.09416922787068     
   11.189999999999998       -341.09416898291636     
   11.199999999999998       -341.09416874064630     
   11.209999999999997       -341.09416850103088     
   11.219999999999997       -341.09416826404077     
   11.229999999999997       -341.09416802964705     
   11.239999999999998       -341.09416779782106     
   11.249999999999998       -341.09416756853437     
   11.259999999999998       -341.09416734175909     
   11.269999999999998       -341.09416711746741     
   11.279999999999998       -341.09416689563204     
   11.289999999999997       -341.09416667622571     
   11.299999999999997       -341.09416645922187     
   11.309999999999997       -341.09416624459379     
   11.319999999999999       -341.09416603231540     
   11.329999999999997       -341.09416582236076     
   11.339999999999996       -341.09416561470425     
   11.349999999999998       -341.09416540932051     
   11.359999999999998       -341.09416520618453     
   11.369999999999997       -341.09416500527152     
   11.379999999999997       -341.09416480655693     
   11.389999999999997       -341.09416461001661     
   11.399999999999999       -341.09416441562655     
   11.409999999999998       -341.09416422336307     
   11.419999999999998       -341.09416403320273     
   11.429999999999998       -341.09416384512230     
   11.439999999999996       -341.09416365909902     
   11.449999999999998       -341.09416347511012     
   11.459999999999997       -341.09416329313319     
   11.469999999999997       -341.09416311314612     
   11.479999999999997       -341.09416293512697     
   11.489999999999998       -341.09416275905409     
   11.499999999999998       -341.09416258490603     
   11.509999999999998       -341.09416241266166     
   11.519999999999998       -341.09416224229989     
   11.529999999999998       -341.09416207380013     
   11.539999999999997       -341.09416190714182     
   11.549999999999997       -341.09416174230472     
   11.559999999999997       -341.09416157926881     
   11.569999999999999       -341.09416141801415     
   11.579999999999998       -341.09416125852130     
   11.589999999999998       -341.09416110077080     
   11.599999999999998       -341.09416094474352     
   11.609999999999998       -341.09416079042046     
   11.619999999999997       -341.09416063778286     
   11.629999999999997       -341.09416048681226     
   11.639999999999997       -341.09416033749034     
   11.649999999999999       -341.09416018979886     
   11.659999999999998       -341.09416004371997     
   11.669999999999998       -341.09415989923593     
   11.679999999999998       -341.09415975632919     
   11.689999999999998       -341.09415961498246     
